32402.195	45.7317
32403.664	40.8441
32405.094	41.958
32406.352	47.6948
32407.734	43.3839
32409.156	42.1941
32410.516	44.1501
32411.961	41.5225
32413.305	44.6429
32414.656	44.3787
32416.211	38.5852
32417.555	44.6429
32419.008	41.2939
32420.508	40
32421.883	43.6364
32423.211	45.1807
32424.711	40
32426.133	42.1941
32427.57	41.7246
32429.047	40.6229
32430.406	44.1501
32431.875	40.8441
32433.281	42.6743
32434.562	46.8384
32436.055	40.2145
32437.469	42.4328
32438.781	45.7317
32440.227	41.5225
32441.57	44.6429
32442.875	45.977
32444.359	40.4313
32445.766	42.6743
32447.109	44.6429
32448.578	40.8441
32449.953	43.6364
32451.297	44.6429
32452.734	41.7246
32454.086	44.3787
32455.508	42.1941
32457.039	39.1901
32458.297	47.6948
32459.672	43.6364
32461.023	44.3787
32462.336	45.7317
32463.719	43.3839
32464.969	48
32466.336	43.8917
32467.656	45.4545
32468.836	50.8475
32470.32	40.4313
32471.789	40.8441
32473.141	44.3787
32474.648	39.7878
32476.062	42.4328
32477.367	45.977
32478.867	40
32480.266	42.9185
32481.609	44.6429
32483.164	38.5852
32484.539	43.6364
32485.969	41.958
32487.484	39.5778
32488.875	43.1344
32490.469	37.6412
32491.961	40.2145
32493.461	40
32494.953	40.2145
32496.297	44.6429
32497.719	42.1941
32499.195	40.6229
32500.508	45.7317
32501.906	42.9185
32503.398	40.2145
32504.727	45.1807
32506.195	40.8441
32507.594	42.9185
32508.898	45.977
32510.266	43.8917
32511.492	48.8998
32513.047	38.5852
32514.594	38.7847
32516.062	40.8441
32517.719	36.2319
32519.156	41.7246
32520.539	43.3839
32522.023	40.4313
32523.312	46.5477
32524.688	43.6364
32526.125	41.7246
32527.398	47.1328
32528.883	40.4313
32530.25	43.8917
32531.602	44.3787
32533.102	40
32534.516	42.4328
32535.773	47.6948
32537.297	39.3959
32538.711	42.4328
32540.133	42.1941
32541.648	39.5778
32543.023	43.6364
32544.484	41.0678
32545.922	41.7246
32547.188	47.3934
32548.578	43.1344
32549.891	45.7317
32551.273	43.3839
32552.773	40
32554.109	44.9102
32555.508	42.9185
32556.812	45.977
32558.094	46.8384
32559.578	40.4313
32560.969	43.1344
32562.398	41.958
32563.836	41.7246
32565.156	45.4545
32566.594	41.7246
32567.992	42.9185
32569.344	44.3787
32570.867	39.3959
32572.289	42.1941
32573.758	40.8441
32575.234	40.6229
32576.648	42.4328
32578.203	38.5852
32579.648	41.5225
32581.109	41.0678
32582.602	40.2145
32583.977	43.6364
32585.414	41.7246
32586.914	40
32588.305	43.1344
32589.82	39.5778
32591.281	41.0678
32592.57	46.5477
32594.062	40.2145
32595.508	41.5225
32596.875	43.8917
32598.406	39.1901
32599.828	42.1941
32601.273	41.5225
32602.773	40
32604.125	44.3787
32605.656	39.1901
32607.094	41.7246
32608.508	42.4328
32609.992	40.4313
32611.359	43.8917
32612.789	41.958
32614.242	41.2939
32615.555	45.7317
32616.93	43.6364
32618.391	41.0678
32619.789	42.9185
32621.156	43.8917
32622.703	38.7847
32624.125	42.1941
32625.438	45.7317
32627	38.4123
32628.305	45.977
32629.656	44.3787
32631.094	41.7246
32632.469	43.6364
32634.055	37.831
32635.469	42.4328
32636.992	39.3959
32638.5	39.7878
32639.914	42.4328
32641.43	39.5778
32642.852	42.1941
32644.242	43.1344
32645.75	39.7878
32647.039	46.5477
32648.484	41.5225
32650.023	38.9864
32651.445	42.1941
32652.852	42.6743
32654.359	39.7878
32655.781	42.1941
32657.234	41.2939
32658.82	37.831
32660.211	43.1344
32661.711	40
32663.18	40.8441
32664.594	42.4328
32666.117	39.3959
32667.562	41.5225
32668.984	42.1941
32670.461	40.6229
32671.781	45.4545
32673.203	42.1941
32674.68	40.6229
32676.062	43.3839
32677.555	40.2145
32678.938	43.3839
32680.305	43.8917
32681.758	41.2939
32683.102	44.6429
32684.461	44.1501
32685.984	39.3959
32687.336	44.3787
32688.008	89.2857
32689.625	37.1058
32691.039	42.4328
32692.539	40
32694.031	40.2145
32695.227	50.2092
32696.383	51.9031
32697.641	47.6948
32699.141	40
32700.734	37.6412
32702.086	44.3787
32703.656	38.2166
32705.141	40.4313
32706.578	41.7246
32708.203	36.9231
32709.594	43.1344
32711.086	40.2145
32712.547	41.0678
32714.086	38.9864
32715.602	39.5778
32717.055	41.2939
32718.602	38.7847
32719.992	43.1344
32721.477	40.4313
32722.961	40.4313
32724.375	42.4328
32725.867	40.2145
32727.328	41.0678
32728.797	40.8441
32730.312	39.5778
32731.719	42.6743
32733.141	42.1941
32734.633	40.2145
32736.094	41.0678
32737.664	38.2166
32739.102	41.7246
32740.484	43.3839
32741.984	40
32743.391	42.6743
32744.812	42.1941
32746.336	39.3959
32747.75	42.4328
32749.312	38.4123
32750.742	41.958
32752.117	43.6364
32753.617	40
32754.922	45.977
32756.195	47.1328
32757.562	43.8917
32758.711	52.2648
32760.102	43.1344
32761.422	45.4545
32762.695	47.1328
32764.07	43.6364
32765.344	47.1328
32766.719	43.6364
32768.125	42.6743
32769.43	45.977
32770.773	44.6429
32772.109	44.9102
32773.508	42.9185
32774.961	41.2939
32776.414	41.2939
32777.773	44.1501
32779.242	40.8441
32780.641	42.9185
32782.102	41.0678
32783.664	38.4123
32785.086	42.1941
32786.586	40
32788.172	37.831
32789.531	44.1501
32790.977	41.5225
32792.406	41.958
32793.82	42.4328
32795.406	37.831
32796.766	44.1501
32798.141	43.6364
32799.758	37.1058
32801.234	40.6229
32802.781	38.7847
32804.336	38.5852
32805.867	39.1901
32807.344	40.6229
32808.781	41.7246
32810.141	44.1501
32811.641	40
32813.109	40.8441
32814.438	45.1807
32815.945	39.7878
32817.359	42.4328
32818.672	45.7317
32820.086	42.4328
32821.414	45.1807
32822.859	41.5225
32824.172	45.7317
32825.539	43.8917
32826.992	41.2939
32828.406	42.4328
32829.742	44.9102
32831.297	38.5852
32832.688	43.1344
32834.141	41.2939
32835.734	37.6412
32837.156	42.1941
32838.625	40.8441
32840.109	40.4313
32841.438	45.1807
32842.836	42.9185
32844.398	38.4123
32845.789	43.1344
32847.289	40
32848.773	40.4313
32850.125	44.3787
32851.633	39.7878
32853.148	39.5778
32854.547	42.9185
32855.969	42.1941
32857.312	44.6429
32858.734	42.1941
32860.266	39.1901
32861.719	41.2939
32863.234	39.5778
32864.836	37.4532
32866.266	41.958
32867.734	40.8441
32869.203	40.8441
32870.562	44.1501
32872.031	40.8441
32873.508	40.6229
32874.898	43.1344
32876.438	38.9864
32877.898	41.0678
32879.32	42.1941
32880.828	39.7878
32882.148	45.4545
32883.555	42.6743
32884.961	42.6743
32886.266	45.977
32887.773	39.7878
32889.188	42.4328
32890.648	41.0678
32892.203	38.5852
32893.641	41.7246
32895.086	41.5225
32896.648	38.4123
32898.008	44.1501
32899.523	39.5778
32901.016	40.2145
32902.383	43.8917
32903.836	41.2939
32905.188	44.3787
32906.625	41.7246
32908.094	40.8441
32909.445	44.3787
32910.867	42.1941
32912.312	41.5225
32913.672	44.1501
32915.008	44.9102
32916.43	42.1941
32917.758	45.1807
32919.141	43.3839
32920.523	43.3839
32921.82	46.2606
32923.25	41.958
32924.609	44.1501
32925.773	51.5464
32926.938	51.5464
32928.008	56.0748
32929.266	47.6948
32930.797	39.1901
32932.109	45.7317
32933.688	38.0228
32935.117	41.958
32936.625	39.7878
32938.195	38.2166
32939.594	42.9185
32941.164	38.2166
32942.68	39.5778
32944.062	43.3839
32945.578	39.5778
32947.039	41.0678
32948.547	39.7878
32950.094	38.7847
32951.508	42.4328
32952.992	40.4313
32954.516	39.3959
32955.938	42.1941
32957.555	37.1058
32959.078	39.3959
32960.492	42.4328
32961.977	40.4313
32963.43	41.2939
32964.906	40.6229
32966.438	39.1901
32967.852	42.4328
32969.297	41.5225
32970.891	37.6412
32972.312	42.1941
32973.727	42.4328
32975.188	41.0678
32976.523	44.9102
32977.984	41.0678
32979.367	43.3839
32980.727	44.1501
32982.094	43.8917
32983.312	49.2207
32984.617	45.977
32986.117	40
32987.5	43.3839
32989.094	37.6412
32990.469	43.6364
32991.914	41.5225
32993.305	43.1344
32994.695	43.1344
32996.344	36.4078
32997.82	40.6229
32999.312	40.2145
33000.891	38.0228
33002.258	43.8917
33003.633	43.6364
33005.18	38.7847
33006.484	45.977
33007.977	40.2145
33009.633	36.2319
33011.102	40.8441
33012.641	38.9864
33014.102	41.0678
33015.578	40.6229
33017.156	38.0228
33018.641	40.4313
33020.164	39.3959
33021.672	39.7878
33023.117	41.5225
33024.578	41.0678
33025.992	42.4328
33027.422	41.958
33028.891	40.8441
33030.219	45.1807
33031.609	43.1344
33033.172	38.4123
33034.594	42.1941
33036.062	40.8441
33037.547	40.4313
33038.984	41.7246
33040.664	35.7143
33042.141	40.6229
33043.578	41.7246
33045.07	40.2145
33046.477	42.6743
33047.906	41.958
33049.492	37.831
33050.812	45.4545
33052.242	41.958
33053.641	42.9185
33054.93	46.5477
33056.414	40.4313
33057.828	42.4328
33059.305	40.6229
33060.93	36.9231
33062.336	42.6743
33063.797	41.0678
33065.273	40.6229
33066.68	42.6743
33068.125	41.5225
33069.531	42.6743
33070.852	45.4545
33072.375	39.3959
33073.789	42.4328
33075.273	40.4313
33076.68	42.6743
33078.102	42.1941
33079.578	40.6229
33080.977	42.9185
33082.352	43.6364
33083.898	38.7847
33085.266	43.8917
33086.656	43.1344
33088.164	39.7878
33089.586	42.1941
33091.047	41.0678
33092.578	39.1901
33094.016	41.7246
33095.523	39.7878
33097.133	37.2902
33098.492	44.1501
33099.945	41.2939
33101.305	44.1501
33102.773	40.8441
33104.297	39.3959
33105.781	40.4313
33107.188	42.6743
33108.438	48
33109.93	40.2145
33111.203	47.1328
33112.766	38.4123
33114.102	44.9102
33115.422	45.4545
33117.023	37.4532
33118.477	41.2939
33119.906	41.958
33121.438	39.1901
33122.852	42.4328
33124.344	40.2145
33125.812	40.8441
33127.234	42.1941
33128.773	38.9864
33130.148	43.6364
33131.625	40.6229
33133.07	41.5225
33134.477	42.6743
33135.977	40
33137.414	41.7246
33138.922	39.7878
33140.453	39.1901
33141.867	42.4328
33143.383	39.5778
33144.797	42.4328
33146.297	40
33147.812	39.5778
33149.164	44.3787
33150.555	43.1344
33151.992	41.7246
33153.383	43.1344
33154.898	39.5778
33156.344	41.5225
33157.766	42.1941
33159.344	38.0228
33160.68	44.9102
33161.969	46.5477
33163.5	39.1901
33164.828	45.1807
33166.344	39.5778
33167.797	41.2939
33169.266	40.8441
33170.852	37.831
33172.25	42.9185
33173.711	41.0678
33175.281	38.2166
33176.75	40.8441
33178.266	39.5778
33179.68	42.4328
33181.086	42.6743
33182.469	43.3839
33183.688	49.2207
33185.125	41.7246
33186.602	40.6229
33188.047	41.5225
33189.594	38.7847
33191.07	40.6229
33192.539	40.8441
33194.031	40.2145
33195.398	43.8917
33196.898	40
33198.414	39.5778
33199.891	40.6229
33201.562	35.8852
33203.062	40
33204.539	40.6229
33206.023	40.4313
33207.406	43.3839
33208.812	42.6743
33210.289	40.6229
33211.625	44.9102
33212.93	45.977
33214.344	42.4328
33215.734	43.1344
33217.25	39.5778
33218.648	42.9185
33220.016	43.8917
33221.516	40
33222.82	45.977
33224.219	42.9185
33225.742	39.3959
33227.195	41.2939
33228.664	40.8441
33230.031	43.8917
33231.344	45.7317
33232.844	40
33234.234	43.1344
33235.672	41.7246
33237.25	38.0228
33238.594	44.6429
33240.07	40.6229
33241.523	41.2939
33242.859	44.9102
33244.359	40
33245.805	41.5225
33247.25	41.5225
33248.68	41.958
33249.969	46.5477
33251.445	40.6229
33252.859	42.4328
33254.164	45.977
33255.695	39.1901
33257.109	42.4328
33258.516	42.6743
33260.039	39.3959
33261.234	50.2092
33262.422	50.5051
33264.062	36.5631
33265.484	42.1941
33267.047	38.4123
33268.539	40.2145
33269.977	41.7246
33271.508	39.1901
33272.93	42.1941
33274.367	41.7246
33275.945	38.0228
33277.281	44.9102
33278.68	42.9185
33280.164	40.4313
33281.594	41.958
33283.156	38.4123
33284.648	40.2145
33286.109	41.0678
33287.68	38.2166
33289.188	39.7878
33290.672	40.4313
33292.164	40.2145
33293.586	42.1941
33295.141	38.5852
33296.633	40.2145
33298.062	41.958
33299.586	39.3959
33300.992	42.6743
33302.383	43.1344
33303.82	41.7246
33305.211	43.1344
33306.766	38.5852
33308.273	39.7878
33309.625	44.3787
33310.906	46.8384
33312.453	38.7847
33313.797	44.6429
33315.141	44.6429
33316.602	41.0678
33317.953	44.3787
33319.32	43.8917
33320.898	38.0228
33322.367	40.8441
33323.922	38.5852
33325.453	39.1901
33326.93	40.6229
33328.422	40.2145
33329.828	42.6743
33331.211	43.3839
33332.68	40.8441
33334.109	41.958
33335.656	38.7847
33337.18	39.3959
33338.703	39.3959
33340.352	36.4078
33341.922	38.2166
33343.492	38.2166
33345.047	38.5852
33346.625	38.0228
33348.109	40.4313
33349.312	49.8753
33351.008	35.3982
33352.523	39.5778
33354.133	37.2902
33355.758	36.9231
33357.203	41.5225
33358.797	37.6412
33360.156	44.1501
33361.609	41.2939
33363.18	38.2166
33364.609	41.958
33366.109	40
33367.578	40.8441
33368.977	42.9185
33370.562	37.831
33372.016	41.2939
33373.453	41.7246
33374.898	41.5225
33376.156	47.6948
33377.609	41.2939
33378.953	44.6429
33380.484	39.1901
33381.984	40
33383.57	37.831
33385.055	40.4313
33386.43	43.6364
33387.875	41.5225
33389.234	44.1501
33390.57	44.9102
33392.008	41.7246
33393.445	41.7246
33394.938	40.2145
33396.438	40
33397.828	43.1344
33399.352	39.3959
33400.789	41.7246
33402.188	42.9185
33403.727	38.9864
33405.109	43.3839
33406.461	44.3787
33407.945	40.4313
33409.352	42.6743
33410.766	42.4328
33412.336	38.2166
33413.758	42.1941
33415.219	41.0678
33416.672	41.2939
33418.078	42.6743
33419.617	38.9864
33420.992	43.6364
33422.383	43.1344
33423.711	45.1807
33424.914	49.8753
33426.469	38.5852
33427.953	40.4313
33429.469	39.5778
33430.828	44.1501
33432.086	47.6948
33433.648	38.4123
33435.188	38.9864
33436.359	51.1945
33437.305	63.4921
33438.258	62.9591
33439.242	60.9756
33440.312	56.0748
33441.289	61.4125
33442.227	63.9659
33443.211	60.9756
33444.18	61.9195
33445.086	66.2252
33445.742	91.4634
33446.812	56.0748
33447.727	65.6455
33448.625	66.8151
33449.531	66.2252
33450.43	66.8151
33451.336	66.2252
33452.234	66.8151
33453.102	69.2042
33453.984	67.9502
33454.898	65.6455
33455.883	60.9756
33456.82	63.9659
33457.922	54.4465
33459.266	44.6429
33460.656	43.1344
33461.984	45.1807
33463.414	41.958
33464.859	41.5225
33466.266	42.6743
33467.703	41.7246
33469.07	43.8917
33470.289	49.2207
33471.383	54.8446
33473.344	30.5966
33474.828	40.4313
33476.523	35.3982
33478.023	40
33479.422	42.9185
33480.992	38.2166
33482.359	43.8917
33483.969	37.2902
33485.5	39.1901
33486.914	42.4328
33488.359	41.5225
33489.438	55.6586
33490.414	61.4125
33492.133	34.904
33493.57	41.7246
33495.336	33.9751
33496.812	40.6229
33498.461	36.4078
33500.016	38.5852
33501.203	50.5051
33502.234	58.1959
33503.305	56.0748
33504.289	60.9756
33505.32	58.1959
33506.336	59.0551
33507.859	39.3959
33509.18	45.4545
33510.766	37.831
33512.25	40.4313
33513.938	35.545
33515.539	37.4532
33517.078	38.9864
33518.727	36.4078
33520.195	40.8441
33521.648	41.2939
33523.109	41.0678
33524.461	44.3787
33525.938	40.6229
33527.422	40.4313
33528.828	42.6743
33530.305	40.6229
33531.836	39.1901
33533.219	43.3839
33534.445	48.8998
33536.219	33.8409
33537.727	39.7878
33539.305	38.0228
33540.852	38.7847
33542.18	45.1807
33543.625	41.5225
33544.922	46.2606
33546.18	47.6948
33547.641	41.0678
33549.023	43.3839
33550.359	44.9102
33551.758	42.9185
33553.086	45.1807
33554.453	43.8917
33555.961	39.7878
33557.383	42.1941
33558.664	46.8384
33560.094	41.958
33561.398	45.977
33562.742	44.6429
33564.148	42.6743
33565.438	46.5477
33566.883	41.5225
33568.336	41.2939
33569.602	47.3934
33571.109	39.7878
33572.492	43.3839
33573.844	44.3787
33575.328	40.4313
33576.703	43.6364
33578.25	38.7847
33579.766	39.5778
33581.18	42.4328
33582.68	40
33584.078	42.9185
33585.492	42.4328
33587	39.7878
33588.406	42.6743
33589.773	43.8917
33591.266	40.2145
33592.594	45.1807
33593.938	44.6429
33595.391	41.2939
33596.555	51.5464
33597.547	60.4839
33598.641	54.8446
33599.68	57.7478
33601.344	36.0577
33602.945	37.4532
33604.383	41.7246
33605.805	42.1941
33607.203	42.9185
33608.539	44.9102
33610.102	38.4123
33611.492	43.1344
33612.969	40.6229
33614.484	39.5778
33615.891	42.6743
33617.367	40.6229
33618.883	39.5778
33620.32	41.7246
33621.867	38.7847
33623.227	44.1501
33624.656	41.958
33626.062	42.6743
33627.383	45.4545
33628.758	43.6364
33630.047	46.5477
33631.297	48
33632.75	41.2939
33634.102	44.3787
33635.57	40.8441
33637.242	35.8852
33638.719	40.6229
33640.312	37.6412
33641.875	38.4123
33643.266	43.1344
33644.836	38.2166
33646.344	39.7878
33647.75	42.6743
33649.234	40.4313
33650.602	43.8917
33652.047	41.5225
33653.609	38.4123
33655.039	41.958
33656.547	39.7878
33658.023	40.6229
33659.398	43.6364
33660.953	38.5852
33662.352	42.9185
33663.711	44.1501
33665.133	42.1941
33666.414	46.8384
33667.75	44.9102
33669.172	42.1941
33670.469	46.2606
33671.812	44.6429
33673.211	42.9185
33674.562	44.3787
33676	41.7246
33677.375	43.6364
33678.594	49.2207
33679.953	44.1501
33681.266	45.7317
33682.641	43.6364
33684.102	41.0678
33685.492	43.1344
33686.922	41.958
33688.438	39.5778
33689.844	42.6743
33691.367	39.3959
33692.914	38.7847
33694.43	39.5778
33695.953	39.3959
33697.266	45.7317
33698.539	47.1328
33700.156	37.1058
33701.602	41.5225
33703.172	38.2166
33704.812	36.5631
33706	50.5051
33707.539	38.9864
33708.961	42.1941
33710.344	43.3839
33711.945	37.4532
33713.336	43.1344
33714.734	42.9185
33716.195	41.0678
33717.602	42.6743
33719.008	42.6743
33720.484	40.6229
33721.867	43.3839
33723.062	50.2092
33724.508	41.5225
33725.844	44.9102
33727.266	42.1941
33728.664	42.9185
33729.773	54.1028
33731.297	39.3959
33732.734	41.7246
33734.125	43.1344
33735.727	37.4532
33737.219	40.2145
33738.664	41.5225
33740.133	40.8441
33741.438	45.977
33742.953	39.5778
33744.453	40
33745.773	45.4545
33747.125	44.3787
33748.492	43.8917
33749.797	45.977
33751.367	38.2166
33752.844	40.6229
33754.203	44.1501
33755.664	41.0678
33757.148	40.4313
33758.508	44.1501
33760.039	39.1901
33761.445	42.6743
33762.781	44.9102
33764.102	45.4545
33765.383	46.8384
33766.719	44.9102
33768.273	38.5852
33769.703	41.958
33771.094	43.1344
33772.57	40.6229
33773.867	46.2606
33775.211	44.6429
33776.617	42.6743
33777.953	44.9102
33779.32	43.8917
33780.82	40
33782.195	43.6364
33783.586	43.1344
33785.094	39.7878
33786.492	42.9185
33788.047	38.5852
33789.531	40.4313
33790.945	42.4328
33792.43	40.4313
33793.781	44.3787
33795.234	41.2939
33796.727	40.2145
33797.984	47.6948
33799.125	52.5854
33800.641	39.5778
33802.008	43.8917
33803.492	40.4313
33804.875	43.3839
33806.211	44.9102
33807.656	41.5225
33808.93	47.1328
33810.297	43.8917
33811.711	42.4328
33812.922	49.5458
33814.148	48.8998
33815.492	44.6429
33816.758	47.3934
33817.844	55.2486
33819.336	40.2145
33820.688	44.3787
33822.031	44.6429
33823.531	40
33824.93	42.9185
33826.281	44.3787
33827.773	40.2145
33829.188	42.4328
33830.508	45.4545
33831.977	40.8441
33833.195	49.2207
33834.383	50.5051
33835.727	44.6429
33836.797	56.0748
33838.422	36.9231
33839.922	40
33841.422	40
33842.883	41.0678
33844.242	44.1501
33845.344	54.4465
33846.883	38.9864
33848.383	40
33849.891	39.7878
33851.398	39.7878
33852.828	41.958
33854.352	39.3959
33855.727	43.6364
33857.141	42.4328
33858.672	39.1901
33860.125	41.2939
33861.562	41.7246
33862.234	89.2857
33863.898	36.0577
33865.453	38.5852
33866.984	39.1901
33868.375	43.1344
33869.727	44.3787
33871.32	37.6412
33872.789	40.8441
33874.195	42.6743
33875.75	38.5852
33877.156	42.6743
33878.523	43.8917
33879.914	43.1344
33881.336	42.1941
33882.781	41.5225
33884.172	43.1344
33885.445	47.1328
33886.75	45.977
33888.047	46.2606
33889.156	54.1028
33890.359	49.8753
33891.898	38.9864
33893.148	48
33894.258	54.1028
33895.562	45.977
33896.633	56.0748
33897.875	48.3092
33899.172	46.2606
33900.227	56.872
33901.281	56.872
33902.516	48.6224
33903.617	54.4465
33904.656	57.7478
33905.789	52.9568
33907.078	46.5477
33908.117	57.7478
33909.133	59.0551
33910.227	54.8446
33911.281	56.872
33912.312	58.1959
33913.359	57.3066
33914.344	60.9756
33915.359	59.0551
33917.055	35.3982
33918.383	45.1807
33919.797	42.4328
33921.258	41.0678
33922.469	49.5458
33923.875	42.6743
33925.32	41.5225
33926.539	49.2207
33928.008	40.8441
33929.422	42.4328
33930.648	48.8998
33932.062	42.4328
33933.508	41.5225
33934.914	42.6743
33936.453	38.9864
33937.922	40.8441
33939.336	42.4328
33940.883	38.7847
33942.297	42.4328
33943.773	40.6229
33945.227	41.2939
33946.602	43.6364
33948.016	42.4328
33949.367	44.3787
33950.5	52.9568
33951.695	50.2092
33953.148	41.2939
33954.5	44.3787
33956.031	39.1901
33957.609	38.0228
33959.031	42.1941
33960.406	43.6364
33961.594	50.5051
33962.953	44.1501
33964.195	48.3092
33965.305	54.1028
33966.594	46.5477
33967.891	46.2606
33969.008	53.7153
33970.445	41.7246
33971.867	42.1941
33973.094	48.8998
33974.43	44.9102
33975.773	44.6429
33976.898	53.3333
33977.898	60
33978.922	58.651
33980.227	45.977
33981.297	56.0748
33982.328	58.1959
33983.422	54.8446
33984.453	58.1959
33985.594	52.5854
33987.203	37.2902
33988.453	48
33989.898	41.5225
33991.305	42.6743
33992.5	50.2092
33993.609	54.1028
33995.031	42.1941
33996.359	45.1807
33997.547	50.5051
33999.031	40.4313
34000.281	48
34001.398	53.7153
34002.898	40
34004.336	41.7246
34005.477	52.5854
34006.695	49.2207
34008.195	40
34009.617	42.1941
34011.141	39.3959
34012.68	38.9864
34014.211	39.1901
34015.766	38.5852
34017.211	41.5225
34018.711	40
34020.156	41.5225
34021.617	41.0678
34023.047	41.958
34024.344	46.2606
34025.672	45.1807
34027.102	41.958
34028.305	49.8753
34029.789	40.4313
34031.25	41.0678
34032.523	47.1328
34033.789	47.3934
34035.086	46.2606
34036.211	53.3333
34037.352	52.5854
34038.359	59.5238
34039.297	63.9659
34040.281	60.9756
34041.914	36.7422
34043.141	48.8998
34044.719	38.0228
34046.062	44.6429
34047.266	49.8753
34048.75	40.4313
34050.07	45.4545
34051.312	48.3092
34052.75	41.7246
34054.125	43.6364
34055.312	50.5051
34056.719	42.6743
34058.062	44.6429
34059.211	52.2648
34060.242	58.1959
34061.82	38.0228
34063.266	41.5225
34064.836	38.2166
34066.188	44.3787
34067.539	44.3787
34069.062	39.3959
34070.438	43.6364
34071.711	47.1328
34073.164	41.2939
34074.516	44.3787
34075.727	49.5458
34077.18	41.2939
34078.609	41.958
34079.812	49.8753
34081.242	41.958
34082.617	43.6364
34083.805	50.5051
34085.297	40.2145
34086.758	41.0678
34088.203	41.5225
34089.695	40.2145
34091.086	43.1344
34092.469	43.3839
34094	39.1901
34095.328	45.1807
34096.703	43.6364
34098.164	41.0678
34099.461	46.2606
34100.93	40.8441
34102.336	42.6743
34103.711	43.6364
34105.344	36.7422
34106.836	40.2145
34108.258	42.1941
34109.797	38.9864
34111.352	38.5852
34112.875	39.3959
34114.266	43.1344
34115.562	46.2606
34116.938	43.6364
34118.164	48.8998
34119.57	42.6743
34120.977	42.6743
34122.211	48.6224
34123.609	42.9185
34124.898	46.5477
34126.031	52.9568
34127.18	52.2648
34128.227	57.3066
34129.18	62.9591
34130.133	62.9591
34131.148	59.0551
34132.547	42.9185
34133.977	41.958
34135.305	45.1807
34136.406	54.4465
34137.531	53.3333
34138.805	47.1328
34139.914	54.1028
34141.422	39.7878
34142.656	48.6224
34143.688	58.1959
34144.656	61.9195
34146.414	34.1297
34147.781	43.8917
34149.258	40.6229
34150.836	38.0228
34152.195	44.1501
34153.656	41.0678
34155.078	42.1941
34156.156	55.6586
34157.156	60
34158.805	36.4078
34160.148	44.6429
34161.82	35.8852
34163.312	40.2145
34164.492	50.8475
34165.961	40.8441
34167.078	53.7153
34168.078	60
34169.109	58.1959
34170.211	54.4465
34171.242	58.1959
34172.266	58.651
34173.438	51.1945
34174.445	59.5238
34175.422	61.4125
34176.398	61.4125
34177.375	61.4125
34178.305	64.5161
34179.227	65.0759
34180.141	65.6455
34181.047	66.2252
34181.938	67.3401
34182.828	67.3401
34183.711	67.9502
34184.609	66.8151
34185.484	68.5714
34186.359	68.5714
34187.234	68.5714
34188.102	69.2042
34188.969	69.2042
34189.875	66.2252
34191.219	44.6429
34192.414	50.2092
34193.531	53.7153
34194.844	45.7317
34196.281	41.7246
34197.477	50.2092
34198.969	40.2145
34200.336	43.8917
34201.734	42.9185
34203.375	36.5631
34204.758	43.3839
34206	48.3092
34207.727	34.7423
34209.094	43.8917
34210.555	41.0678
34212.125	38.2166
34213.469	44.6429
34214.906	41.7246
34216.078	51.1945
34217.188	54.1028
34218.945	34.1297
34220.328	43.3839
34221.734	42.6743
34223.156	42.1941
34224.281	53.3333
34225.336	56.872
34226.461	53.3333
34227.445	60.9756
34228.516	56.0748
34230.023	39.7878
34230.711	87.2093
34231.383	89.2857
34232.078	86.3309
34232.781	85.3485
34233.438	91.4634
34234.594	51.9031
34235.25	91.4634
34236.453	49.8753
34237.438	60.9756
34238.422	60.9756
34239.398	61.4125
34240.094	86.3309
34241.211	53.7153
34241.867	91.4634
34243.039	51.1945
34243.992	62.9591
34244.656	90.3615
34246.055	42.9185
34246.766	84.3882
34248.18	42.4328
34249.711	39.1901
34251.055	44.6429
34252.367	45.7317
34253.945	38.0228
34255.281	44.9102
34256.516	48.6224
34258	40.4313
34259.617	37.1058
34261.258	36.5631
34262.859	37.4532
34264.195	44.9102
34265.727	39.1901
34267.156	41.958
34268.633	40.6229
34270.227	37.6412
34271.492	47.3934
34273.047	38.5852
34274.414	43.8917
34275.711	46.2606
34277.312	37.4532
34278.719	42.6743
34280.102	43.3839
34281.75	36.4078
34283.094	44.6429
34284.375	46.8384
34285.844	40.8441
34287.297	41.2939
34288.609	45.7317
34290.086	40.6229
34291.539	41.2939
34292.891	44.3787
34294.305	42.4328
34295.711	42.6743
34296.961	48
34298.445	40.4313
34299.859	42.4328
34301.141	46.8384
34302.578	41.7246
34303.961	43.3839
34305.227	47.3934
34306.492	47.3934
34307.844	44.3787
34309.086	48.3092
34310.125	57.7478
34311.125	60
34312.297	51.1945
34313.445	52.2648
34315.07	36.9231
34316.578	39.7878
34317.969	43.1344
34319.484	39.5778
34320.805	45.4545
34322.141	44.9102
34323.602	41.0678
34324.938	44.9102
34326.469	39.1901
34328.039	38.2166
34329.375	44.9102
34330.82	41.5225
34332.234	42.4328
34333.555	45.4545
34335.086	39.1901
34336.523	41.7246
34337.922	42.9185
34339.422	40
34340.844	42.1941
34342.211	43.8917
34343.664	41.2939
34344.992	45.1807
34346.086	54.8446
34347.547	41.0678
34348.922	43.6364
34350.195	47.1328
34351.727	39.1901
34353.172	41.5225
34354.641	40.8441
34356.078	41.7246
34357.461	43.3839
34358.891	41.958
34360.289	42.9185
34361.633	44.6429
34362.953	45.4545
34364.375	42.1941
34365.617	48.3092
34366.891	47.1328
34368.422	39.1901
34369.844	42.1941
34371.289	41.5225
34372.773	40.4313
34374.094	45.4545
34375.586	40.2145
34377.086	40
34378.43	44.6429
34379.672	48.3092
34381.078	42.6743
34382.219	52.5854
34383.625	42.6743
34385.133	39.7878
34386.578	41.5225
34388.164	37.831
34389.523	44.1501
34390.898	43.6364
34392.328	41.958
34393.625	46.2606
34395.078	41.2939
34396.461	43.3839
34397.844	43.3839
34399.359	39.5778
34400.805	41.5225
34402.203	42.9185
34403.688	40.4313
34405.18	40.2145
34406.516	44.9102
34407.969	41.2939
34409.391	42.1941
34410.781	43.1344
34412.344	38.4123
34413.805	41.0678
34415.141	44.9102
34416.391	48
34417.469	55.6586
34418.766	46.2606
34420.383	37.1058
34421.812	41.958
34423.312	40
34424.836	39.3959
34426.336	40
34427.883	38.7847
34429.289	42.6743
34430.766	40.6229
34432.18	42.4328
34433.57	43.1344
34435.102	39.1901
34436.594	40.2145
34437.922	45.1807
34439.539	37.1058
34441.141	37.4532
34442.719	38.0228
34444.336	37.1058
34445.859	39.3959
34447.297	41.7246
34448.836	38.9864
34450.297	41.0678
34451.773	40.6229
34453.289	39.5778
34454.664	43.6364
34456.102	41.7246
34457.539	41.7246
34458.828	46.5477
34460.211	43.3839
34461.766	38.5852
34463.133	43.8917
34464.508	43.6364
34465.906	42.9185
34467.234	45.1807
34468.32	55.2486
34469.906	37.831
34471.359	41.2939
34472.805	41.5225
34474.352	38.7847
34475.656	45.977
34477.133	40.6229
34478.617	40.4313
34479.898	46.8384
34481.297	42.9185
34482.766	40.8441
34484.164	42.9185
34485.766	37.4532
34487.18	42.4328
34488.477	46.2606
34489.906	41.958
34491.156	48
34492.422	47.3934
34493.984	38.4123
34495.43	41.5225
34496.789	44.1501
34498.266	40.6229
34499.57	45.977
34501.008	41.7246
34502.508	40
34503.883	43.6364
34505.328	41.5225
34506.789	41.0678
34508.109	45.4545
34509.594	40.4313
34511.016	42.1941
34512.398	43.3839
34513.961	38.4123
34515.398	41.7246
34516.797	42.9185
34518.273	40.6229
34519.695	42.1941
34521.109	42.4328
34522.602	40.2145
34523.977	43.6364
34525.445	40.8441
34526.961	39.5778
34528.359	42.9185
34529.906	38.7847
34531.43	39.3959
34532.906	40.6229
34534.586	35.7143
34536.07	40.4313
34537.672	37.4532
34539.258	37.831
34540.68	42.1941
34542.102	42.1941
34543.422	45.4545
34545.25	32.8228
34546.68	41.958
34548.023	44.6429
34549.602	38.0228
34551.039	41.7246
34552.5	41.0678
34554.008	39.7878
34555.359	44.3787
34556.633	47.1328
34557.992	44.1501
34559.203	49.5458
34560.281	55.6586
34561.633	44.3787
34563.039	42.6743
34564.336	46.2606
34565.766	41.958
34567.219	41.2939
34568.531	45.7317
34570.078	38.7847
34571.469	43.1344
34572.727	47.6948
34574.18	41.2939
34575.641	41.0678
34576.969	45.1807
34578.461	40.2145
34579.773	45.7317
34581.07	46.2606
34582.523	41.2939
34583.891	43.8917
34585.469	38.0228
34586.945	40.6229
34588.266	45.4545
34589.719	41.2939
34591.086	43.8917
34592.578	40.2145
34594.07	40.2145
34595.406	44.9102
34596.859	41.2939
34598.383	39.3959
34599.734	44.3787
34600.82	55.2486
34602.039	49.2207
34603.461	42.1941
34604.922	41.0678
34606.414	40.2145
34607.859	41.5225
34609.32	41.0678
34610.641	45.4545
34611.969	45.1807
34613.266	46.2606
34614.531	47.3934
34616.031	40
34617.461	41.958
34618.836	43.6364
34620.312	40.6229
34621.664	44.3787
34623.141	40.6229
34624.602	41.0678
34625.992	43.1344
34627.461	40.8441
34628.914	41.2939
34630.336	42.1941
34631.812	40.6229
34633.242	41.958
34634.648	42.6743
34636.078	41.958
34637.414	44.9102
34638.516	54.4465
34639.602	55.2486
34640.641	57.7478
34641.594	62.9591
34642.562	61.9195
34643.633	56.0748
34644.648	59.0551
34645.75	54.4465
34646.797	57.3066
34647.781	60.9756
34648.82	57.7478
34649.828	59.5238
34650.844	59.0551
34652.344	40
34653.781	41.7246
34655.164	43.3839
34656.633	40.8441
34658.078	41.5225
34659.492	42.4328
34661.031	38.9864
34662.469	41.7246
34663.898	41.958
34665.477	38.0228
34667.102	36.9231
34668.555	41.2939
34670.109	38.5852
34671.586	40.6229
34673.242	36.2319
34674.75	39.7878
34676.328	38.0228
34678.055	34.7423
34679.523	40.8441
34680.891	43.8917
34682.398	39.7878
34683.805	42.6743
34685.172	43.8917
34686.727	38.5852
34688.047	45.4545
34689.555	39.7878
34691.078	39.3959
34692.492	42.4328
34693.969	40.6229
34695.531	38.4123
34696.898	43.8917
34698.32	42.1941
34699.719	42.9185
34701.008	46.5477
34702.477	40.8441
34703.859	43.3839
34705.219	44.1501
34706.648	41.958
34707.945	46.2606
34709.461	39.5778
34710.953	40.2145
34712.375	42.1941
34713.883	39.7878
34715.258	43.6364
34716.594	44.9102
34718.07	40.6229
34719.406	44.9102
34720.828	42.1941
34722.375	38.7847
34723.75	43.6364
34725.266	39.5778
34726.734	40.8441
34728.078	44.6429
34729.547	40.8441
34730.992	41.5225
34732.367	43.6364
34733.82	41.2939
34735.188	43.8917
34736.461	47.1328
34737.945	40.4313
34739.398	41.2939
34740.758	44.1501
34742.266	39.7878
34743.695	41.958
34745.125	41.958
34746.602	40.6229
34748.016	42.4328
34749.336	45.4545
34750.805	40.8441
34752.203	42.9185
34753.805	37.4532
34755.227	42.1941
34756.484	47.6948
34757.508	58.651
34759.062	38.5852
34760.68	37.1058
34762.414	34.6021
34764.172	34.1297
34765.812	36.5631
34767.438	36.9231
34768.969	39.1901
34770.398	41.958
34771.828	41.958
34773.32	40.2145
34774.75	41.958
34776.086	44.9102
34777.641	38.5852
34779.258	37.1058
34780.719	41.0678
34782.156	41.7246
34783.555	42.9185
34784.93	43.6364
34786.383	41.2939
34787.805	42.1941
34789.133	45.1807
34790.625	40.2145
34792.031	42.6743
34793.375	44.6429
34794.812	41.7246
34796.188	43.6364
34797.531	44.6429
34799.016	40.4313
34800.359	44.6429
34801.766	42.6743
34803.227	41.0678
34804.633	42.6743
34806.039	42.6743
34807.562	39.3959
34808.93	43.8917
34810.383	41.2939
34811.852	40.8441
34813.211	44.1501
34814.672	41.0678
34816.078	42.6743
34817.406	45.1807
34818.836	41.958
34820.25	42.4328
34821.547	46.2606
34823	41.2939
34824.398	42.9185
34825.758	44.1501
34827.258	40
34828.641	43.3839
34830.039	42.9185
34831.555	39.5778
34832.938	43.3839
34834.438	40
34835.914	40.6229
34837.312	42.9185
34838.844	39.1901
34840.281	41.7246
34841.656	43.6364
34843.102	41.5225
34844.484	43.3839
34845.906	42.1941
34847.414	39.7878
34848.797	43.3839
34850.297	40
34851.711	42.4328
34853.047	44.9102
34854.484	41.7246
34855.875	43.1344
34857.266	43.1344
34858.82	38.5852
34860.203	43.3839
34861.586	43.3839
34862.977	43.1344
34864.258	46.8384
34865.711	41.2939
34867.062	44.3787
34868.367	45.977
34869.828	41.0678
34871.195	43.8917
34872.703	39.7878
34874.133	41.958
34875.562	41.958
34877.164	37.4532
34878.523	44.1501
34879.953	41.958
34881.445	40.2145
34882.797	44.3787
34884.289	40.2145
34885.773	40.4313
34887.297	39.3959
34888.883	37.831
34890.305	42.1941
34891.859	38.5852
34893.344	40.4313
34894.797	41.2939
34896.281	40.4313
34897.625	44.6429
34899.156	39.1901
34900.594	41.7246
34902.117	39.3959
34903.688	38.2166
34905.094	42.6743
34906.68	37.831
34908.148	40.8441
34909.609	41.0678
34911.094	40.4313
34912.445	44.3787
34913.891	41.5225
34915.398	39.7878
34916.758	44.1501
34918.203	41.5225
34919.617	42.4328
34921.016	42.9185
34922.531	39.5778
34923.93	42.9185
34925.406	40.6229
34926.828	42.1941
34928.188	44.1501
34929.703	39.5778
34931.055	44.3787
34932.391	44.9102
34933.805	42.4328
34935.18	43.6364
34936.68	40
34938.055	43.6364
34939.523	40.8441
34941.086	38.4123
34942.516	41.958
34943.969	41.2939
34945.242	47.1328
34946.57	45.1807
34948	41.958
34949.359	44.1501
34950.828	40.8441
34952.211	43.3839
34953.586	43.6364
34955.047	41.0678
34956.422	43.6364
34957.938	39.5778
34959.305	43.8917
34960.75	41.5225
34962.164	42.4328
34963.492	45.1807
34964.938	41.5225
34966.281	44.6429
34967.688	42.6743
34969.172	40.4313
34970.5	45.1807
34971.953	41.2939
34973.422	40.8441
34974.805	43.3839
34976.336	39.1901
34977.727	43.1344
34979.133	42.6743
34980.812	35.7143
34982.297	40.4313
34983.961	36.0577
34985.453	40.2145
34986.977	39.3959
34988.539	38.4123
34989.914	43.6364
34991.398	40.4313
34992.852	41.2939
34994.352	40
34995.922	38.2166
34997.336	42.4328
34998.797	41.0678
35000.352	38.5852
35001.758	42.6743
35003.328	38.2166
35004.688	44.1501
35005.758	56.0748
35006.805	57.3066
35007.781	61.4125
35008.852	56.0748
35010.406	38.5852
35011.547	52.5854
35012.539	60.4839
35013.523	60.9756
35014.477	62.9591
35015.883	42.6743
35017.203	45.4545
35018.656	41.2939
35020.016	44.1501
35021.531	39.5778
35023.055	39.3959
35024.555	40
35026.219	36.0577
35027.852	36.7422
35029.352	40
35030.977	36.9231
35032.484	39.7878
35034.086	37.4532
35035.688	37.4532
35037.125	41.7246
35038.578	41.2939
35040.164	37.831
35041.609	41.5225
35043.375	33.9751
35044.922	38.7847
35046.461	38.9864
35048.18	34.904
35049.703	39.3959
35051.195	40.2145
35052.766	38.2166
35054.117	44.3787
35055.711	37.6412
35057.211	40
35058.609	42.9185
35060.195	37.831
35061.648	41.2939
35063.172	39.3959
35064.641	40.8441
35065.961	45.4545
35067.609	36.4078
35069.141	39.1901
35070.391	48
35071.82	41.958
35073.086	47.3934
35074.344	47.6948
35075.766	42.1941
35077.016	48
35078.602	37.831
35079.938	44.9102
35081.352	42.4328
35082.883	39.1901
35084.281	42.9185
35085.781	40
35087.195	42.4328
35088.594	42.9185
35090.148	38.5852
35091.531	43.3839
35092.914	43.3839
35094.43	39.5778
35095.859	41.958
35097.352	40.2145
35098.875	39.3959
35100.273	42.9185
35101.836	38.4123
35103.352	39.5778
35104.805	41.2939
35106.406	37.4532
35107.828	42.1941
35109.289	41.0678
35110.766	40.6229
35112.141	43.6364
35113.656	39.5778
35115.023	43.8917
35116.367	44.6429
35117.828	41.0678
35119.125	46.2606
35120.68	38.5852
35122.352	35.8852
35123.898	38.7847
35125.273	43.6364
35126.312	57.7478
35127.328	59.0551
35128.625	46.2606
35129.688	56.4972
35131.391	35.2319
35132.914	39.3959
35134.602	35.545
35136.195	37.6412
35137.703	39.7878
35139.367	36.0577
35140.828	41.0678
35142.43	37.4532
35143.93	40
35145.102	51.1945
35146.141	57.7478
35147.211	56.0748
35148.234	58.651
35149.82	37.831
35151.227	42.6743
35152.469	48.3092
35153.602	52.9568
35154.812	49.5458
35156.227	42.4328
35157.969	34.4432
35159.672	35.2319
35161.344	35.8852
35163.18	32.6797
35164.773	37.6412
35166.32	38.7847
35168.008	35.545
35169.586	38.0228
35171.062	40.6229
35172.68	37.1058
35174.172	40.2145
35175.609	41.7246
35177.336	34.7423
35178.883	38.7847
35180.391	39.7878
35181.93	38.9864
35183.266	44.9102
35184.68	42.4328
35186.297	37.1058
35187.734	41.7246
35189.172	41.7246
35190.695	39.3959
35192.023	45.1807
35193.492	40.8441
35194.938	41.5225
35196.188	48
35197.656	40.8441
35199.086	41.958
35200.43	44.6429
35201.883	41.2939
35203.305	42.1941
35204.688	43.3839
35206.227	38.9864
35207.75	39.3959
35209.148	42.9185
35210.648	40
35212.078	41.958
35213.461	43.3839
35215.008	38.7847
35216.391	43.3839
35217.805	42.4328
35219.359	38.5852
35220.82	41.0678
35222.211	43.1344
35223.805	37.6412
35225.273	40.8441
35226.727	41.2939
35228.352	36.9231
35229.828	40.6229
35231.297	40.8441
35232.93	36.7422
35234.453	39.3959
35235.828	43.6364
35237.344	39.5778
35238.719	43.6364
35240.195	40.6229
35241.586	43.1344
35242.797	49.5458
35244.375	38.0228
35245.781	42.6743
35247.039	47.6948
35248.492	41.2939
35249.836	44.6429
35251.078	48.3092
35252.523	41.5225
35253.836	45.7317
35255.359	39.3959
35256.859	40
35258.289	41.958
35259.891	37.4532
35261.383	40.2145
35262.852	40.8441
35264.516	36.0577
35265.945	41.958
35267.5	38.5852
35269.062	38.4123
35270.539	40.6229
35272.164	36.9231
35273.633	40.8441
35275.133	40
35276.797	36.0577
35278.25	41.2939
35279.844	37.6412
35281.375	39.1901
35282.766	43.1344
35284.305	38.9864
35285.789	40.4313
35287.211	42.1941
35288.742	39.1901
35290.094	44.3787
35291.641	38.7847
35293.172	39.1901
35294.516	44.6429
35296.031	39.5778
35297.43	42.9185
35298.875	41.5225
35300.406	39.1901
35301.875	40.8441
35303.32	41.5225
35304.844	39.3959
35306.211	43.8917
35307.633	42.1941
35309.062	41.958
35310.406	44.6429
35311.93	39.3959
35313.414	40.4313
35314.773	44.1501
35316.242	40.8441
35317.688	41.5225
35319.352	36.0577
35320.781	41.958
35322.109	45.1807
35323.578	40.8441
35324.945	43.8917
35326.516	38.2166
35328.148	36.7422
35329.695	38.7847
35331.359	36.0577
35332.812	41.2939
35334.398	37.831
35335.906	39.7878
35337.258	44.3787
35338.742	40.4313
35340.141	42.9185
35341.5	44.1501
35343.109	37.2902
35344.586	40.6229
35346.133	38.7847
35347.656	39.3959
35349.047	43.1344
35350.594	38.7847
35352.023	41.958
35353.406	43.3839
35354.922	39.5778
35356.32	42.9185
35357.836	39.5778
35359.469	36.7422
35360.898	41.958
35362.469	38.2166
35363.984	39.5778
35365.453	40.8441
35367	38.7847
35368.445	41.5225
35369.945	40
35371.453	39.7878
35372.562	54.1028
35373.547	60.9756
35374.555	59.5238
35375.992	41.7246
35377.664	35.8852
35379.422	34.1297
35381.227	33.241
35382.906	35.7143
35384.453	38.7847
35385.984	39.1901
35387.375	43.1344
35388.867	40.2145
35390.445	38.0228
35391.883	41.7246
35393.469	37.831
35394.938	40.8441
35396.547	37.2902
35398.18	36.7422
35399.602	42.1941
35401.117	39.5778
35402.641	39.3959
35404.141	40
35405.758	37.1058
35407.281	39.3959
35408.875	37.6412
35410.461	37.831
35411.867	42.6743
35413.406	38.9864
35414.875	40.8441
35416.359	40.4313
35417.883	39.3959
35419.32	41.7246
35420.844	39.3959
35422.352	39.7878
35423.672	45.4545
35425.266	37.6412
35426.789	39.3959
35428.266	40.6229
35429.852	37.831
35431.438	37.831
35432.844	42.6743
35434.508	36.0577
35435.992	40.4313
35437.445	41.2939
35439.094	36.4078
35440.539	41.5225
35442.07	39.1901
35443.617	38.7847
35445.055	41.7246
35446.711	36.2319
35448.133	42.1941
35449.719	37.831
35451.227	39.7878
35452.625	42.9185
35454.234	37.2902
35455.727	40.2145
35457.195	40.8441
35458.734	38.9864
35460.141	42.6743
35461.602	41.0678
35463.117	39.5778
35464.531	42.4328
35466.094	38.4123
35467.664	38.2166
35469.039	43.6364
35470.555	39.5778
35472.023	40.8441
35473.344	45.4545
35474.836	40.2145
35476.25	42.4328
35477.57	45.4545
35479	41.958
35480.281	46.8384
35481.578	46.2606
35483.219	36.5631
35484.617	42.9185
35486.125	39.7878
35487.641	39.5778
35489.039	42.9185
35490.633	37.6412
35492.109	40.6229
35493.695	37.831
35495.195	40
35496.562	43.8917
35498.117	38.5852
35499.594	40.6229
35501.148	38.5852
35502.695	38.7847
35504.141	41.5225
35505.828	35.545
35507.258	41.958
35508.805	38.7847
35510.352	38.7847
35511.742	43.1344
35513.266	39.3959
35514.719	41.2939
35516.125	42.6743
35517.648	39.3959
35519.047	42.9185
35520.508	41.0678
35522.125	37.1058
35523.5	43.6364
35525.016	39.5778
35526.602	37.831
35528.062	41.0678
35529.641	38.0228
35531.07	41.958
35532.562	40.2145
35534.195	36.7422
35535.633	41.7246
35537.258	36.9231
35538.781	39.3959
35540.289	39.7878
35541.695	42.6743
35542.953	47.6948
35544.555	37.4532
35546.047	40.2145
35547.562	39.5778
35549.086	39.3959
35550.484	42.9185
35551.977	40.2145
35553.617	36.5631
35554.984	43.8917
35556.57	37.831
35558.078	39.7878
35559.461	43.3839
35560.969	39.7878
35562.258	46.5477
35563.555	46.2606
35565.125	38.2166
35566.438	45.7317
35567.844	42.6743
35569.336	40.2145
35570.859	39.3959
35572.258	42.9185
35573.977	34.904
35575.547	38.2166
35577.031	40.4313
35578.664	36.7422
35580.031	43.8917
35581.648	37.1058
35583.195	38.7847
35584.602	42.6743
35586.117	39.5778
35587.508	43.1344
35589.086	38.0228
35590.57	40.4313
35591.938	43.8917
35593.703	33.9751
35595.125	42.1941
35596.773	36.4078
35598.328	38.5852
35599.883	38.5852
35601.539	36.2319
35602.992	41.2939
35604.555	38.4123
35606.016	41.0678
35607.547	39.1901
35609.195	36.4078
35610.609	42.4328
35612.172	38.4123
35613.672	40
35615.227	38.5852
35616.781	38.5852
35618.203	42.1941
35619.688	40.4313
35621.086	42.9185
35622.484	42.9185
35624.141	36.2319
35625.617	40.6229
35627.062	41.5225
35628.547	40.4313
35629.969	42.1941
35631.516	38.7847
35632.977	41.0678
35634.508	39.1901
35636.109	37.4532
35637.453	44.6429
35639.055	37.4532
35640.57	39.5778
35642.055	40.4313
35643.672	37.1058
35645.133	41.0678
35646.75	37.1058
35648.148	42.9185
35649.523	43.6364
35650.992	40.8441
35652.469	40.6229
35653.977	39.7878
35655.734	34.1297
35657.219	40.4313
35658.836	37.1058
35660.367	39.1901
35661.961	37.6412
35663.562	37.4532
35665.07	39.7878
35666.625	38.5852
35668.141	39.5778
35669.641	40
35671.273	36.7422
35672.719	41.5225
35674.281	38.4123
35675.805	39.3959
35677.188	43.3839
35678.805	37.1058
35680.32	39.5778
35681.773	41.2939
35683.312	38.9864
35684.641	45.1807
35686.039	42.9185
35687.492	41.2939
35688.883	43.1344
35690.422	38.9864
35691.891	40.8441
35693.273	43.3839
35694.844	38.2166
35696.195	44.3787
35697.719	39.3959
35699.305	37.831
35700.719	42.4328
35702.242	39.3959
35703.609	43.8917
35705.125	39.5778
35706.602	40.6229
35707.844	48.3092
35709.32	40.6229
35710.617	46.2606
35712.188	38.2166
35713.531	44.6429
35714.867	44.9102
35716.273	42.6743
35717.82	38.7847
35719.242	42.1941
35720.648	42.6743
35722.305	36.2319
35723.727	42.1941
35725.219	40.2145
35726.727	39.7878
35728.125	42.9185
35729.633	39.7878
35731.062	41.958
35732.5	41.7246
35733.898	42.9185
35735.305	42.6743
35736.914	37.2902
35738.375	41.0678
35739.945	38.2166
35741.453	39.7878
35742.945	40.2145
35744.617	35.8852
35746	43.3839
35747.461	41.0678
35749	38.9864
35750.414	42.4328
35751.945	39.1901
35753.359	42.4328
35754.805	41.5225
35756.383	38.0228
35757.766	43.3839
35759.297	39.1901
35760.797	40
35762.211	42.4328
35763.727	39.5778
35765.141	42.4328
35766.578	41.7246
35768.172	37.6412
35769.406	48.6224
35770.773	43.8917
35772.266	40.2145
35773.617	44.3787
35775.312	35.3982
35776.734	42.1941
35778.211	40.6229
35779.68	40.8441
35781.062	43.3839
35782.664	37.4532
35784.117	41.2939
35785.672	38.5852
35787.172	40
35788.633	41.0678
35790.266	36.7422
35791.68	42.4328
35793.188	39.7878
35794.703	39.5778
35796.133	41.958
35797.773	36.5631
35799.188	42.4328
35800.688	40
35802.234	38.7847
35803.719	40.4313
35805.312	37.6412
35806.781	40.8441
35808.172	43.1344
35809.711	38.9864
35811.102	43.1344
35812.547	41.5225
35814.094	38.7847
35815.516	42.1941
35817.18	36.0577
35818.672	40.2145
35820.195	39.3959
35821.664	40.8441
35823	44.9102
35824.461	41.0678
35825.992	39.1901
35827.5	39.7878
35829.133	36.7422
35830.547	42.4328
35831.93	43.3839
35833.359	41.958
35834.719	44.1501
35836.297	38.0228
35837.711	42.4328
35839.25	38.9864
35840.789	38.9864
35842.188	42.9185
35843.727	38.9864
35845.18	41.2939
35846.648	40.8441
35848.172	39.3959
35849.656	40.4313
35851.133	40.6229
35852.492	44.1501
35853.984	40.2145
35855.555	38.2166
35856.961	42.6743
35858.602	36.5631
35860.055	41.2939
35861.57	39.5778
35863.203	36.7422
35864.68	40.6229
35866.289	37.2902
35867.773	40.4313
35869.25	40.6229
35870.781	39.1901
35872.133	44.3787
35873.672	38.9864
35875.164	40.2145
35876.516	44.3787
35877.938	42.1941
35879.383	41.5225
35880.805	42.1941
35882.336	39.1901
35883.656	45.4545
35885.383	34.7423
35886.711	45.1807
35887.828	53.7153
35889.008	50.8475
35890.578	38.2166
35892.023	41.5225
35893.633	37.2902
35895.008	43.6364
35896.453	41.5225
35897.891	41.7246
35899.32	41.958
35900.922	37.4532
35902.375	41.2939
35903.906	39.1901
35905.375	40.8441
35906.812	41.7246
35908.102	46.5477
35909.148	57.3066
35910.102	62.9591
35911.016	65.6455
35911.977	62.435
35913.031	56.872
35914.062	58.1959
35915.258	50.2092
35916.75	40.2145
35917.961	49.5458
35919.031	56.0748
35920.016	60.9756
35921.047	58.1959
35922.016	61.9195
35922.961	63.4921
35923.961	60
35925	57.7478
35925.984	60.9756
35926.992	59.5238
35928.445	41.2939
35929.867	42.1941
35931.172	45.977
35932.242	56.0748
35933.266	58.651
35934.43	51.5464
35935.594	51.5464
35936.648	56.872
35937.836	50.5051
35938.922	55.2486
35939.602	88.2353
35940.688	55.2486
35941.344	91.4634
35942.484	52.5854
35943.148	90.3615
35943.781	94.7867
35944.414	94.7867
35945.062	92.5926
35946.172	54.1028
35947.148	61.4125
35948.117	61.9195
35949.062	63.4921
35949.969	66.2252
35950.891	65.0759
35951.789	66.8151
35952.695	66.2252
35953.594	66.8151
35954.883	46.5477
35956.219	44.9102
35957.391	51.1945
35958.875	40.4313
35960.375	40
35961.797	42.1941
35963.547	34.2857
35965.18	36.7422
35966.586	42.6743
35968.328	34.4432
35969.75	42.1941
35971.117	43.8917
35972.664	38.7847
35973.984	45.4545
35975.297	45.7317
35976.867	38.2166
35978.312	41.5225
35980.141	32.8228
35981.602	41.0678
35983.133	39.1901
35984.492	44.1501
35985.594	54.4465
35987.211	37.1058
35988.758	38.7847
35990.109	44.3787
35991.719	37.2902
35993.031	45.7317
35994.703	35.8852
35996.023	45.4545
35997.633	37.2902
35999.016	43.3839
36000.43	42.4328
36002.023	37.6412
36003.469	41.5225
36005.117	36.4078
36006.609	40.2145
36008.062	41.2939
36009.805	34.4432
36011.219	42.4328
36012.734	39.5778
36014.43	35.3982
36015.836	42.6743
36017.484	36.4078
36019.047	38.4123
36020.578	39.1901
36022.164	37.831
36023.578	42.4328
36025.258	35.7143
36026.633	43.6364
36028.047	42.4328
36029.547	40
36030.961	42.4328
36032.469	39.7878
36033.977	39.7878
36035.375	42.9185
36036.875	40
36038.367	40.2145
36039.656	46.5477
36040.773	53.7153
36041.758	60.9756
36042.812	56.872
36044.688	32
36046.406	34.904
36048.172	33.9751
36049.891	34.904
36051.672	33.6889
36053.211	38.9864
36054.906	35.3982
36056.5	37.6412
36058.078	38.0228
36059.75	35.8852
36061.258	39.7878
36062.82	38.4123
36064.383	38.4123
36065.852	40.8441
36067.57	34.904
36069.094	39.3959
36070.672	38.0228
36072.414	34.4432
36073.883	40.8441
36075.453	38.2166
36076.977	39.3959
36078.5	39.3959
36080.117	37.1058
36081.523	42.6743
36083.078	38.5852
36084.477	42.9185
36085.93	41.2939
36087.492	38.4123
36088.812	45.4545
36089.836	58.651
36090.797	62.435
36091.734	63.9659
36092.742	59.5238
36093.75	59.5238
36095.43	35.7143
36097.016	37.831
36098.867	32.3974
36100.586	34.904
36102.422	32.6797
36104.125	35.2319
36105.648	39.3959
36107.312	36.0577
36108.828	39.5778
36110.359	39.1901
36111.93	38.2166
36113.352	42.1941
36115.047	35.3982
36116.641	37.6412
36118.109	40.8441
36119.727	37.1058
36121.18	41.2939
36122.805	36.9231
36124.398	37.6412
36125.969	38.2166
36127.617	36.4078
36129.047	41.958
36130.602	38.5852
36132.062	41.0678
36133.383	45.4545
36134.984	37.4532
36136.328	44.6429
36137.594	47.3934
36139.086	40.2145
36140.477	43.1344
36141.922	41.5225
36143.609	35.545
36144.953	44.6429
36146.523	38.2166
36148.078	38.5852
36149.5	42.1941
36151.125	36.9231
36152.5	43.6364
36153.891	43.1344
36155.406	39.5778
36156.82	42.4328
36158.414	37.6412
36159.867	41.2939
36161.32	41.2939
36162.977	36.2319
36164.445	40.8441
36165.883	41.7246
36167.195	45.7317
36168.555	44.1501
36170.156	37.4532
36171.695	38.9864
36173.227	39.1901
36174.859	36.7422
36176.305	41.5225
36177.859	38.5852
36179.359	40
36180.789	41.958
36182.25	41.0678
36183.57	45.4545
36185.031	41.0678
36186.547	39.5778
36187.891	44.6429
36189.312	42.1941
36190.594	46.8384
36191.867	47.1328
36193.461	37.6412
36194.82	44.1501
36196.328	39.7878
36197.719	43.1344
36199.133	42.4328
36200.742	37.2902
36202.188	41.5225
36203.719	39.1901
36205.453	34.6021
36206.969	39.5778
36208.57	37.4532
36210.039	40.8441
36211.633	37.6412
36213.25	37.1058
36214.703	41.2939
36216.305	37.4532
36217.75	41.5225
36219.234	40.4313
36220.805	38.2166
36222.164	44.1501
36223.648	40.4313
36225.141	40.2145
36226.523	43.3839
36228.039	39.5778
36229.508	40.8441
36231.117	37.2902
36232.703	37.831
36234.141	41.7246
36235.812	35.8852
36237.234	42.1941
36238.727	40.2145
36240.297	38.2166
36241.734	41.7246
36243.219	40.4313
36244.781	38.4123
36246.305	39.3959
36247.797	40.2145
36249.164	43.8917
36250.648	40.4313
36252.211	38.4123
36253.734	39.3959
36255.414	35.7143
36256.82	42.6743
36258.461	36.5631
36259.93	40.8441
36261.352	42.1941
36262.82	40.8441
36264.266	41.5225
36265.82	38.5852
36267.312	40.2145
36268.859	38.7847
36270.578	34.904
36271.906	45.1807
36273.586	35.7143
36275.062	40.6229
36276.57	39.7878
36278.328	34.1297
36279.812	40.4313
36281.461	36.4078
36282.898	41.7246
36284.352	41.2939
36285.922	38.2166
36287.32	42.9185
36288.844	39.3959
36290.391	38.7847
36291.773	43.3839
36293.25	40.6229
36294.602	44.3787
36295.984	43.3839
36297.445	41.0678
36298.805	44.1501
36300.266	41.0678
36301.742	40.6229
36303.141	42.9185
36304.602	41.0678
36305.945	44.6429
36307.484	38.9864
36308.797	45.7317
36310.344	38.7847
36311.906	38.4123
36313.383	40.6229
36315.031	36.4078
36316.422	43.1344
36317.938	39.5778
36319.484	38.7847
36320.867	43.3839
36322.508	36.5631
36324	40.2145
36325.477	40.6229
36327.039	38.4123
36328.453	42.4328
36329.961	39.7878
36331.469	39.7878
36332.859	43.1344
36334.352	40.2145
36335.578	48.8998
36337.008	41.958
36338.375	43.8917
36339.641	47.3934
36341.414	33.8409
36342.891	40.6229
36344.383	40.2145
36345.969	37.831
36347.305	44.9102
36348.883	38.0228
36350.445	38.4123
36351.914	40.8441
36353.531	37.1058
36355.008	40.6229
36356.531	39.3959
36358.055	39.3959
36359.516	41.0678
36361.172	36.2319
36362.625	41.2939
36364.172	38.7847
36365.688	39.5778
36367.203	39.5778
36368.828	36.9231
36370.242	42.4328
36371.852	37.2902
36373.312	41.0678
36374.727	42.4328
36376.211	40.4313
36377.57	44.1501
36379.023	41.2939
36380.562	38.9864
36381.922	44.1501
36383.516	37.6412
36385.023	39.7878
36386.469	41.5225
36388.125	36.2319
36389.5	43.6364
36391.055	38.5852
36392.516	41.0678
36393.93	42.4328
36395.453	39.3959
36396.836	43.3839
36398.422	37.831
36399.867	41.5225
36401.32	41.2939
36402.867	38.7847
36404.406	38.9864
36406.109	35.2319
36407.602	40.2145
36409.305	35.2319
36410.789	40.4313
36412.125	44.9102
36413.609	40.4313
36414.867	47.6948
36416.445	38.0228
36418.102	36.2319
36419.711	37.2902
36421.438	34.7423
36422.844	42.6743
36424.516	35.8852
36426.008	40.2145
36427.594	37.831
36429.148	38.5852
36430.656	39.7878
36432.164	39.7878
36433.578	42.4328
36435.055	40.6229
36436.68	36.9231
36438.094	42.4328
36439.766	35.8852
36441.266	40
36442.648	43.3839
36444.234	37.831
36445.695	41.0678
36447.203	39.7878
36448.742	38.9864
36450.148	42.6743
36451.773	36.9231
36453.227	41.2939
36454.703	40.6229
36456.227	39.3959
36457.602	43.6364
36459.219	37.1058
36460.633	42.4328
36462.172	38.9864
36463.844	35.8852
36465.297	41.2939
36466.914	37.1058
36468.438	39.3959
36469.992	38.5852
36471.648	36.2319
36473.039	43.1344
36474.516	40.6229
36476.109	37.6412
36477.586	40.6229
36479.188	37.4532
36480.609	42.1941
36482.234	36.9231
36483.672	41.7246
36485.031	44.1501
36486.539	39.7878
36487.867	45.1807
36489.469	37.4532
36490.969	40
36492.359	43.1344
36493.859	40
36495.188	45.1807
36496.727	38.9864
36498.328	37.4532
36499.75	42.1941
36501.352	37.4532
36502.781	41.958
36504.297	39.5778
36505.781	40.4313
36507.141	44.1501
36508.758	37.1058
36510.234	40.6229
36511.555	45.4545
36513.055	40
36514.445	43.1344
36516.07	36.9231
36517.523	41.2939
36519.109	37.831
36520.664	38.5852
36522.164	40
36523.773	37.2902
36525.195	42.1941
36526.633	41.7246
36528.18	38.7847
36529.523	44.6429
36531.031	39.7878
36532.367	44.9102
36533.914	38.7847
36535.453	38.9864
36536.891	41.7246
36538.469	38.0228
36539.867	42.9185
36541.43	38.4123
36542.82	43.1344
36544.312	40.2145
36545.938	36.9231
36547.336	42.9185
36548.773	41.7246
36550.312	38.9864
36551.812	40
36553.453	36.5631
36554.93	40.6229
36556.469	38.9864
36558	39.1901
36559.477	40.6229
36561.234	34.1297
36562.664	41.958
36564.25	37.831
36565.773	39.3959
36567.188	42.4328
36568.844	36.2319
36570.273	41.958
36571.719	41.5225
36573.219	40
36574.508	46.5477
36575.859	44.3787
36577.078	49.2207
36578.492	42.4328
36580.148	36.2319
36581.68	39.1901
36583.32	36.5631
36584.719	42.9185
36586.164	41.5225
36587.633	40.8441
36589.023	43.1344
36590.688	36.0577
36592.133	41.5225
36593.586	41.2939
36595.008	42.1941
36596.438	41.958
36597.992	38.5852
36599.398	42.6743
36600.93	39.1901
36602.289	44.1501
36603.875	37.831
36605.391	39.5778
36607.047	36.2319
36608.648	37.4532
36610.188	38.9864
36611.797	37.2902
36613.195	42.9185
36614.75	38.5852
36616.352	37.4532
36617.773	42.1941
36619.406	36.7422
36620.836	41.958
36622.289	41.2939
36623.914	36.9231
36625.367	41.2939
36626.969	37.4532
36628.508	38.9864
36629.906	42.9185
36631.508	37.4532
36633.039	39.1901
36634.539	40
36636.109	38.2166
36637.578	40.8441
36639.219	36.5631
36640.695	40.6229
36642.164	40.8441
36643.797	36.7422
36645.125	45.1807
36646.578	41.2939
36648.008	41.958
36649.477	40.8441
36651.062	37.831
36652.445	43.3839
36653.938	40.2145
36655.297	44.1501
36656.648	44.3787
36658.172	39.3959
36659.586	42.4328
36661.047	41.0678
36662.664	37.1058
36664.039	43.6364
36665.555	39.5778
36666.969	42.4328
36668.258	46.5477
36669.891	36.7422
36671.359	40.8441
36672.828	40.8441
36674.359	39.1901
36675.758	42.9185
36677.312	38.5852
36678.812	40
36680.211	42.9185
36681.805	37.6412
36683.281	40.6229
36684.781	40
36686.359	38.0228
36687.789	41.958
36689.359	38.2166
36690.789	41.958
36692.234	41.5225
36693.703	40.8441
36695.062	44.1501
36696.57	39.7878
36698.148	38.0228
36699.539	43.1344
36701.125	37.831
36702.656	39.1901
36704.234	38.0228
36705.656	42.1941
36707.086	41.958
36708.82	34.6021
36710.219	42.9185
36711.766	38.7847
36713.25	40.4313
36714.883	36.7422
36716.406	39.3959
36717.867	41.0678
36719.445	38.0228
36720.852	42.6743
36722.234	43.3839
36723.719	40.4313
36725.008	46.5477
36726.523	39.5778
36728.008	40.4313
36729.578	38.2166
36731.109	39.1901
36732.508	42.9185
36734.078	38.2166
36735.523	41.5225
36736.977	41.2939
36738.469	40.2145
36739.766	46.2606
36741.312	38.7847
36742.781	40.8441
36744.18	42.9185
36745.82	36.5631
36747.25	41.958
36748.68	41.958
36750.188	39.7878
36751.57	43.3839
36753.094	39.3959
36754.531	41.7246
36755.945	42.4328
36757.477	39.1901
36758.914	41.7246
36760.414	40
36761.758	44.6429
36763.047	46.5477
36764.602	38.5852
36766	42.9185
36767.469	40.8441
36768.906	41.7246
36770.258	44.3787
36771.789	39.1901
36773.188	42.9185
36774.516	45.1807
36776.055	38.9864
36777.453	42.9185
36778.859	42.6743
36780.469	37.2902
36781.852	43.3839
36783.477	36.9231
36784.852	43.6364
36786.25	42.9185
36787.734	40.4313
36789.047	45.7317
36790.375	45.1807
36791.969	37.6412
36793.273	45.977
36794.742	40.8441
36796.242	40
36797.633	43.1344
36799.297	36.0577
36800.781	40.4313
36802.164	43.3839
36803.742	38.0228
36805.141	42.9185
36806.625	40.4313
36808.164	38.9864
36809.57	42.6743
36810.953	43.3839
36812.445	40.2145
36813.773	45.1807
36815.336	38.4123
36816.75	42.4328
36818.156	42.6743
36819.703	38.7847
36821.055	44.3787
36822.516	41.0678
36823.945	41.958
36825.344	42.9185
36826.852	39.7878
36828.258	42.6743
36829.883	36.9231
36831.438	38.5852
36832.906	40.8441
36834.516	37.2902
36835.969	41.2939
36837.547	38.0228
36838.984	41.7246
36840.367	43.3839
36841.688	45.4545
36843.117	41.958
36844.617	40
36846.391	33.8409
36847.914	39.3959
36849.578	36.0577
36850.992	42.4328
36852.516	39.3959
36854.141	36.9231
36855.648	39.7878
36857.133	40.4313
36858.516	43.3839
36859.977	41.0678
36861.578	37.4532
36863.031	41.2939
36864.656	36.9231
36866.07	42.4328
36867.625	38.5852
36869.047	42.1941
36870.523	40.6229
36872.016	40.2145
36873.359	44.6429
36874.898	38.9864
36876.398	40
36877.914	39.5778
36879.438	39.3959
36880.844	42.6743
36882.414	38.2166
36883.891	40.6229
36885.344	41.2939
36886.875	39.1901
36888.289	42.4328
36889.648	44.1501
36891.133	40.4313
36892.477	44.6429
36893.953	40.6229
36895.336	43.3839
36896.844	39.7878
36898.445	37.4532
36899.688	48.3092
36901.258	38.2166
36902.75	40.2145
36904.227	40.6229
36905.93	35.2319
36907.336	42.6743
36908.727	43.1344
36910.242	39.5778
36911.594	44.3787
36912.969	43.6364
36914.609	36.5631
36915.938	45.1807
36917.375	41.7246
36918.727	44.3787
36920.195	40.8441
36921.656	41.0678
36923.008	44.3787
36924.375	43.8917
36925.586	49.5458
36927	42.4328
36928.742	34.4432
36930.094	44.3787
36931.578	40.4313
36933.07	40.2145
36934.469	42.9185
36936.047	38.0228
36937.453	42.6743
36938.945	40.2145
36940.5	38.5852
36941.93	41.958
36943.469	38.9864
36944.828	44.1501
36946.266	41.7246
36947.648	43.3839
36948.992	44.6429
36950.508	39.5778
36951.844	44.9102
36953.328	40.4313
36954.664	44.9102
36956.047	43.3839
36957.633	37.831
36958.984	44.3787
36960.453	40.8441
36962.086	36.7422
36963.5	42.4328
36965.109	37.2902
36966.602	40.2145
36968.086	40.4313
36969.758	35.8852
36971.18	42.1941
36972.703	39.3959
36974.219	39.5778
36975.719	40
36977.086	43.8917
36978.281	50.2092
36979.805	39.3959
36981.281	40.6229
36982.703	42.1941
36984.219	39.5778
36985.609	43.1344
36987.117	39.7878
36988.602	40.4313
36989.953	44.3787
36991.461	39.7878
36992.953	40.2145
36994.344	43.1344
36995.875	39.1901
36997.25	43.6364
36998.578	45.1807
37000.102	39.3959
37001.453	44.3787
37002.875	42.1941
37004.453	38.0228
37005.836	43.3839
37007.422	37.831
37008.969	38.7847
37010.453	40.4313
37011.977	39.3959
37013.344	43.8917
37014.82	40.6229
37016.305	40.4313
37017.672	43.8917
37019.312	36.5631
37020.781	40.8441
37022.328	38.7847
37023.945	37.1058
37025.344	42.9185
37026.875	39.1901
37028.391	39.5778
37029.875	40.4313
37031.492	37.1058
37032.922	41.958
37034.383	41.0678
37035.828	41.5225
37037.195	43.8917
37038.742	38.7847
37040.156	42.4328
37041.641	40.4313
37043.156	39.5778
37044.508	44.3787
37046.047	38.9864
37047.422	43.6364
37048.789	43.8917
37050.281	40.2145
37051.625	44.6429
37053.109	40.4313
37054.508	42.9185
37055.828	45.4545
37057.32	40.2145
37058.773	41.2939
37060.156	43.3839
37061.516	44.1501
37062.703	50.5051
37063.805	54.4465
37065.523	34.904
37066.969	41.5225
37068.43	41.0678
37070.039	37.2902
37071.477	41.7246
37073.023	38.7847
37074.523	40
37075.875	44.3787
37077.398	39.3959
37078.844	41.5225
37080.258	42.4328
37081.742	40.4313
37083.102	44.1501
37084.781	35.7143
37086.258	40.6229
37087.812	38.5852
37089.18	43.8917
37090.562	43.3839
37092.031	40.8441
37093.484	41.2939
37094.891	42.6743
37096.539	36.4078
37097.953	42.4328
37099.562	37.2902
37101.078	39.5778
37102.547	40.8441
37104.164	37.1058
37105.641	40.6229
37107.266	36.9231
37108.812	38.7847
37110.297	40.4313
37111.969	35.8852
37113.328	44.1501
37114.742	42.4328
37116.242	40
37117.398	51.9031
37118.414	59.0551
37119.367	62.9591
37120.297	64.5161
37121.234	63.9659
37122.219	60.9756
37123.211	60.4839
37124.172	62.435
37125.094	65.0759
37126	66.2252
37126.906	66.2252
37127.797	67.3401
37128.68	67.9502
37129.547	69.2042
37130.398	70.4225
37131.25	70.4225
37132.086	71.7703
37132.945	69.8487
37133.883	63.9659
37135.117	48.6224
37136.305	50.5051
37137.664	44.1501
37139.125	41.0678
37140.445	45.4545
37141.914	40.8441
37143.547	36.7422
37144.969	42.1941
37146.547	38.0228
37148.234	35.545
37149.609	43.6364
37151.172	38.4123
37152.797	36.9231
37154.195	42.9185
37155.227	58.1959
37156.297	56.0748
37158.148	32.3974
37159.672	39.3959
37161.242	38.2166
37162.844	37.4532
37164.5	36.2319
37166.156	36.2319
37167.664	39.7878
37169.32	36.2319
37170.836	39.5778
37172.281	41.5225
37173.891	37.2902
37175.383	40.2145
37176.906	39.3959
37178.523	37.1058
37179.984	41.0678
37181.359	43.6364
37182.891	39.1901
37184.344	41.2939
37185.719	43.6364
37187.148	41.958
37188.477	45.1807
37190.07	37.6412
37191.672	37.4532
37193.195	39.3959
37194.836	36.5631
37196.375	38.9864
37197.805	41.958
37199.211	42.6743
37200.398	50.5051
37201.5	54.4465
37203.094	37.6412
37204.578	40.4313
37205.938	44.1501
37207.469	39.1901
37208.93	41.0678
37210.398	40.8441
37212.023	36.9231
37213.453	41.958
37214.945	40.2145
37216.336	43.1344
37217.695	44.1501
37219.18	40.4313
37220.57	43.1344
37221.883	45.7317
37223.562	35.7143
37224.984	42.1941
37226.594	37.2902
37228.031	41.7246
37229.406	43.6364
37231	37.6412
37232.414	42.4328
37233.781	43.8917
37235.305	39.3959
37236.672	43.8917
37238.203	39.1901
37239.789	37.831
37241.156	43.8917
37242.656	40
37244.109	41.2939
37245.625	39.5778
37247.219	37.6412
37248.648	41.958
37250.164	39.5778
37251.656	40.2145
37253.086	41.958
37254.508	42.1941
37255.984	40.6229
37257.391	42.6743
37258.867	40.6229
37260.195	45.1807
37261.242	57.3066
37262.391	52.2648
37264.062	35.8852
37265.711	36.4078
37267.461	34.2857
37268.922	41.0678
37270.516	37.6412
37272.039	39.3959
37273.531	40.2145
37275.156	36.9231
37276.594	41.7246
37278.195	37.4532
37279.695	40
37281.164	40.8441
37282.711	38.7847
37284.211	40
37285.758	38.7847
37287.305	38.7847
37288.68	43.6364
37290.18	40
37291.672	40.2145
37293.102	41.958
37294.672	38.2166
37296.094	42.1941
37297.586	40.2145
37299.07	40.4313
37300.375	45.977
37301.891	39.5778
37303.398	39.7878
37304.805	42.6743
37306.352	38.7847
37307.789	41.7246
37309.234	41.5225
37310.609	43.6364
37311.836	48.8998
37313.273	41.7246
37314.758	40.4313
37316.195	41.7246
37317.922	34.7423
37319.398	40.6229
37320.984	37.831
37322.539	38.5852
37324.055	39.5778
37325.773	34.904
37327.266	40.2145
37328.719	41.2939
37330.258	38.9864
37331.633	43.6364
37333.164	39.1901
37334.57	42.6743
37336.062	40.2145
37337.648	37.831
37339.078	41.958
37340.57	40.2145
37342.023	41.2939
37343.43	42.6743
37344.906	40.6229
37346.312	42.6743
37347.742	41.958
37349.211	40.8441
37350.625	42.4328
37352.023	42.9185
37353.352	45.1807
37354.719	43.8917
37356.18	41.0678
37357.508	45.1807
37358.938	41.958
37360.375	41.7246
37361.531	51.9031
37362.938	42.6743
37364.367	41.958
37365.461	54.8446
37366.523	56.4972
37367.586	56.4972
37369.039	41.2939
37370.305	47.3934
37371.586	46.8384
37372.789	49.8753
37373.836	57.3066
37374.883	57.3066
37375.953	56.0748
37376.945	60.4839
37377.953	59.5238
37378.977	58.651
37380.047	56.0748
37381.094	57.3066
37382.211	53.7153
37383.289	55.6586
37384.273	60.9756
37385.242	61.9195
37386.195	62.9591
37387.266	56.0748
37388.398	52.9568
37389.445	57.3066
37390.641	50.2092
37391.93	46.5477
37393.062	52.9568
37394.406	44.6429
37395.539	52.9568
37396.625	55.2486
37397.906	46.8384
37399.008	54.4465
37400.312	45.977
37401.539	48.8998
37402.57	58.1959
37403.664	54.8446
37404.812	52.2648
37405.812	60
37406.859	57.3066
37408.32	41.0678
37409.438	53.7153
37410.859	42.1941
37412.539	35.7143
37414.023	40.4313
37415.883	32.2754
37417.375	40.2145
37418.859	40.4313
37420.57	35.0672
37422.055	40.4313
37423.555	40
37425.18	36.9231
37426.688	39.7878
37428.016	45.1807
37429.742	34.7423
37431.148	42.6743
37432.484	44.9102
37434.172	35.545
37435.648	40.6229
37437.086	41.7246
37438.68	37.6412
37440.18	40
37441.484	45.977
37442.969	40.4313
37444.297	45.1807
37445.539	48.3092
37446.914	43.6364
37448.273	44.1501
37449.508	48.6224
37450.922	42.4328
37452.344	42.1941
37453.609	47.3934
37455.023	42.4328
37456.398	43.6364
37457.773	43.6364
37459.273	40
37460.711	41.7246
37462.07	44.1501
37463.547	40.6229
37464.891	44.6429
37466.273	43.3839
37467.781	39.7878
37469.109	45.1807
37470.547	41.7246
37471.984	41.7246
37473.297	45.7317
37474.789	40.2145
37476.102	45.7317
37477.242	52.5854
37478.859	37.1058
37480.352	40.2145
37481.805	41.2939
37483.391	37.831
37484.906	39.5778
37486.398	40.2145
37488.008	37.2902
37489.469	41.0678
37491.102	36.7422
37492.617	39.5778
37493.969	44.3787
37495.469	40
37496.82	44.3787
37498.312	40.2145
37499.875	38.4123
37501.312	41.7246
37502.898	37.831
37504.328	41.958
37505.727	42.9185
37507.227	40
37508.578	44.3787
37510.07	40.2145
37511.57	40
37512.969	42.9185
37514.453	40.4313
37515.812	44.1501
37517.164	44.3787
37518.531	43.8917
37519.805	47.1328
37521.141	44.9102
37522.516	43.6364
37523.922	42.6743
37525.367	41.5225
37526.75	43.3839
37528.117	43.8917
37529.586	40.8441
37530.961	43.6364
37532.242	46.8384
37533.727	40.4313
37535.172	41.5225
37536.703	39.1901
37538.32	37.1058
37539.766	41.5225
37541.297	39.1901
37542.859	38.4123
37544.203	44.6429
37545.711	39.7878
37547.164	41.2939
37548.422	47.6948
37550.117	35.3982
37551.578	41.0678
37553.258	35.7143
37554.828	38.2166
37556.391	38.4123
37558.078	35.545
37559.625	38.7847
37561.258	36.7422
37562.734	40.6229
37564.281	38.7847
37565.844	38.4123
37567.25	42.6743
37568.758	39.7878
37570.133	43.6364
37571.492	44.1501
37572.984	40.2145
37574.414	41.958
37575.781	43.8917
37577.438	36.2319
37578.898	41.0678
37580.438	38.9864
37582.086	36.4078
37583.625	38.9864
37585.258	36.7422
37586.617	44.1501
37587.992	43.6364
37589.531	38.9864
37590.945	42.4328
37592.367	42.1941
37593.953	37.831
37595.414	41.0678
37596.914	40
37598.422	39.7878
37599.875	41.2939
37601.508	36.7422
37603.047	38.9864
37604.5	41.2939
37606.023	39.3959
37607.477	41.2939
37608.914	41.7246
37610.516	37.4532
37611.906	43.1344
37613.375	40.8441
37614.828	41.2939
37616.242	42.4328
37617.891	36.4078
37619.367	40.6229
37620.938	38.2166
37622.438	40
37623.852	42.4328
37625.391	38.9864
37626.82	41.958
37628.25	41.958
37629.82	38.2166
37631.258	41.7246
37632.711	41.2939
37634.148	41.7246
37635.594	41.5225
37637.172	38.0228
37638.625	41.2939
37639.719	54.8446
37640.742	58.651
37642.312	38.2166
37644.125	33.1126
37645.766	36.5631
37647.438	35.8852
37649.227	33.5383
37650.758	39.1901
37652.438	35.7143
37653.953	39.5778
37655.492	38.9864
37657.156	36.0577
37658.664	39.7878
37660.141	40.6229
37661.711	38.2166
37663.125	42.4328
37664.648	39.3959
37666.289	36.5631
37667.781	40.2145
37669.289	39.7878
37670.883	37.6412
37672.273	43.1344
37673.836	38.4123
37675.406	38.2166
37676.844	41.7246
37678.414	38.2166
37679.875	41.0678
37681.359	40.4313
37682.891	39.1901
37684.289	42.9185
37685.844	38.5852
37687.367	39.3959
37688.688	45.4545
37689.992	45.977
37691.406	42.4328
37692.742	44.9102
37694.367	36.9231
37695.805	41.7246
37697.32	39.5778
37698.812	40.2145
37700.18	43.8917
37701.719	38.9864
37703.148	41.958
37704.555	42.6743
37705.969	42.4328
37707.336	43.8917
37708.922	37.831
37710.328	42.6743
37711.75	42.1941
37713.367	37.1058
37714.82	41.2939
37716.375	38.5852
37717.859	40.4313
37719.258	42.9185
37720.805	38.7847
37722.18	43.6364
37723.656	40.6229
37725.203	38.7847
37726.672	40.8441
37728.234	38.4123
37729.742	39.7878
37731.172	41.958
37732.789	37.1058
37734.328	38.9864
37735.852	39.3959
37737.438	37.831
37738.906	40.8441
37740.398	40.2145
37741.875	40.6229
37743.242	43.8917
37744.711	40.8441
37746.125	42.4328
37747.422	46.2606
37749.031	37.2902
37750.453	42.1941
37751.953	40
37753.531	38.0228
37754.961	41.958
37756.484	39.3959
37757.859	43.6364
37759.203	44.6429
37760.734	39.1901
37762.156	42.1941
37763.664	39.7878
37765.141	40.6229
37766.445	45.977
37767.984	38.9864
37769.562	38.0228
37770.922	44.1501
37772.57	36.4078
37774.062	40.2145
37775.578	39.5778
37777.195	37.1058
37778.672	40.6229
37780.258	37.831
37781.711	41.2939
37783.156	41.5225
37784.766	37.2902
37786.141	43.6364
37787.766	36.9231
37789.25	40.4313
37790.609	44.1501
37792.117	39.7878
37793.516	42.9185
37794.906	43.1344
37796.398	40.2145
37797.727	45.1807
37799.062	44.9102
37800.375	45.7317
37801.594	49.2207
37802.961	43.8917
37804.578	37.1058
37806.031	41.2939
37807.789	34.1297
37809.312	39.3959
37810.789	40.6229
37812.5	35.0672
37813.945	41.5225
37815.523	38.0228
37817	40.6229
37818.477	40.6229
37820.086	37.2902
37821.484	42.9185
37823.141	36.2319
37824.68	38.9864
37826.102	42.1941
37827.766	36.0577
37829.227	41.0678
37830.734	39.7878
37832.297	38.4123
37833.688	43.1344
37835.32	36.7422
37836.594	47.1328
37837.641	57.3066
37839.133	40.2145
37840.508	43.6364
37841.828	45.4545
37843.32	40.2145
37844.836	39.5778
37846.57	34.6021
37848.008	41.7246
37849.547	38.9864
37850.969	42.1941
37852.383	42.4328
37853.93	38.7847
37855.367	41.7246
37856.898	39.1901
37858.414	39.5778
37859.789	43.6364
37861.266	40.6229
37862.602	44.9102
37864.078	40.6229
37865.656	38.0228
37867.078	42.1941
37868.609	39.1901
37870.094	40.4313
37871.531	41.7246
37873	40.8441
37874.32	45.4545
37875.711	43.1344
37877.078	43.8917
37878.352	47.1328
37879.922	38.2166
37881.406	40.4313
37882.883	40.6229
37884.508	36.9231
37885.961	41.2939
37887.562	37.4532
37889.102	38.9864
37890.594	40.2145
37892.125	39.1901
37893.547	42.1941
37894.938	43.1344
37896.516	38.0228
37897.938	42.1941
37899.359	42.1941
37900.891	39.1901
37902.117	48.8998
37903.211	54.8446
37904.711	40
37905.836	53.3333
37907.695	32.2754
37909.219	39.3959
37910.953	34.6021
37912.648	35.3982
37914.18	39.1901
37915.734	38.5852
37917.141	42.6743
37918.641	40
37920.211	38.2166
37921.68	40.8441
37923.203	39.3959
37924.648	41.5225
37926.141	40.2145
37927.719	38.0228
37929.109	43.1344
37930.625	39.5778
37932.164	38.9864
37933.625	41.0678
37935.242	37.1058
37936.672	41.958
37938.094	42.1941
37939.711	37.1058
37941.109	42.9185
37942.602	40.2145
37944.117	39.5778
37945.531	42.4328
37947.062	39.1901
37948.562	40
37950.055	40.2145
37951.781	34.7423
37953.227	41.5225
37954.719	40.2145
37956.211	40.2145
37957.617	42.6743
37959.219	37.4532
37960.898	35.7143
37962.445	38.7847
37964.078	36.7422
37965.695	37.1058
37967.328	36.7422
37969.055	34.7423
37970.766	35.0672
37972.344	38.0228
37973.875	39.1901
37975.422	38.7847
37976.797	43.6364
37978.273	40.6229
37979.75	40.6229
37981.109	44.1501
37982.641	39.1901
37984.07	41.958
37985.359	46.5477
37986.586	48.8998
37988	42.4328
37989.18	50.8475
37990.695	39.5778
37992.062	43.8917
37993.156	54.8446
37994.25	54.8446
37995.375	53.3333
37996.422	57.3066
37997.461	57.7478
37999.031	38.2166
38000.367	44.9102
38001.688	45.4545
38003.164	40.6229
38004.453	46.5477
38005.539	55.2486
38006.578	57.7478
38008.133	38.5852
38009.5	43.8917
38011.016	39.5778
38012.305	46.5477
38013.789	40.4313
38015.328	38.9864
38016.641	45.7317
38018.258	37.1058
38019.703	41.5225
38020.875	51.1945
38022.008	52.9568
38023.297	46.5477
38024.523	48.8998
38026.5	30.349
38027.945	41.5225
38029.5	38.5852
38031	40
38032.453	41.2939
38034.062	37.2902
38035.445	43.3839
38036.547	54.4465
38037.586	57.7478
38038.805	49.2207
38040.297	40.2145
38041.883	37.831
38043.297	42.4328
38044.93	36.7422
38046.391	41.0678
38047.914	39.3959
38049.484	38.2166
38051	39.5778
38052.984	30.2419
38054.438	41.2939
38056.125	35.545
38057.75	36.9231
38059.477	34.7423
38060.922	41.5225
38062.391	40.8441
38063.844	41.2939
38065.227	43.3839
38066.758	39.1901
38068.25	40.2145
38069.656	42.6743
38071.289	36.7422
38072.719	41.958
38074.234	39.5778
38075.641	42.6743
38076.875	48.6224
38078.141	47.3934
38079.625	40.4313
38080.742	53.7153
38081.898	51.9031
38083.18	46.8384
38084.227	57.3066
38085.406	50.8475
38086.703	46.2606
38087.758	56.872
38089.008	48
38090.477	40.8441
38091.586	54.1028
38093.117	39.1901
38094.492	43.6364
38095.891	42.9185
38097.5	37.2902
38099.078	38.0228
38100.781	35.2319
38102.305	39.3959
38103.82	39.5778
38105.438	37.1058
38107.039	37.4532
38108.617	38.0228
38110.078	41.0678
38111.641	38.4123
38113.18	38.9864
38114.648	40.8441
38116.289	36.5631
38117.703	42.4328
38119.219	39.5778
38120.797	38.0228
38122.336	38.9864
38123.867	39.1901
38125.438	38.2166
38126.961	39.3959
38128.445	40.4313
38129.828	43.3839
38131.344	39.5778
38132.789	41.5225
38134.266	40.6229
38135.711	41.5225
38137.109	42.9185
38138.617	39.7878
38140.016	42.9185
38141.328	45.7317
38142.891	38.4123
38144.305	42.4328
38145.633	45.1807
38147.102	40.8441
38148.539	41.7246
38149.961	42.1941
38151.469	39.7878
38152.75	46.8384
38154.125	43.6364
38155.398	47.1328
38156.508	54.1028
38157.891	43.3839
38159.344	41.2939
38160.523	50.8475
38161.766	48.3092
38163.031	47.3934
38164.125	54.8446
38165.117	60.4839
38166.07	62.9591
38167.016	63.4921
38167.906	67.3401
38168.789	67.9502
38169.656	69.2042
38170.484	72.4638
38171.312	72.4638
38172.133	73.1707
38172.961	72.4638
38173.836	68.5714
38174.711	68.5714
38175.617	66.2252
38176.539	65.0759
38177.523	60.9756
38178.492	61.9195
38180.07	38.0228
38181.516	41.5225
38182.75	48.6224
38184.273	39.3959
38185.656	43.3839
38186.828	51.1945
38188.414	37.831
38189.781	43.8917
38191.125	44.6429
38192.766	36.5631
38194.25	40.4313
38195.781	39.1901
38197.258	40.6229
38198.719	41.0678
38200.328	37.2902
38201.891	38.4123
38203.484	37.6412
38205.18	35.3982
38206.82	36.5631
38208.336	39.5778
38209.828	40.2145
38211.164	44.9102
38212.711	38.7847
38214.125	42.4328
38215.453	45.1807
38217.062	37.2902
38218.445	43.3839
38219.734	46.5477
38221.156	42.1941
38222.367	49.5458
38223.547	50.8475
38225.148	37.4532
38226.508	44.1501
38227.758	48
38229.234	40.6229
38230.617	43.3839
38231.844	48.8998
38233.211	43.8917
38234.562	44.3787
38235.883	45.4545
38237.312	41.958
38238.781	40.8441
38240.289	39.7878
38241.883	37.6412
38243.289	42.6743
38244.773	40.4313
38246.094	45.4545
38247.555	41.0678
38248.938	43.3839
38250.242	45.977
38251.695	41.2939
38253.102	42.6743
38254.43	45.1807
38255.953	39.3959
38257.352	42.9185
38258.648	46.2606
38260.117	40.8441
38261.375	47.6948
38262.523	52.2648
38263.906	43.3839
38265.328	42.1941
38266.805	40.6229
38268.078	47.1328
38269.414	44.9102
38270.656	48.3092
38271.992	44.9102
38273.234	48.3092
38274.328	54.8446
38275.438	54.1028
38276.586	52.2648
38277.688	54.4465
38278.828	52.5854
38280.375	38.7847
38281.656	46.8384
38282.859	49.8753
38284.344	40.4313
38285.68	44.9102
38286.852	51.1945
38288.078	48.8998
38289.117	57.7478
38290.094	61.4125
38290.992	66.8151
38291.891	66.8151
38292.805	65.6455
38293.734	64.5161
38295.445	35.0672
38296.727	46.8384
38297.828	54.4465
38299.055	48.8998
38300.336	46.8384
38301.344	59.5238
38302.344	60
38303.367	58.651
38304.391	58.651
38305.367	61.4125
38306.359	60.4839
38307.844	40.4313
38309.031	50.5051
38310.141	54.1028
38311.359	49.2207
38312.93	38.2166
38314.531	37.4532
38316.07	38.9864
38317.492	42.1941
38318.781	46.5477
38320.133	44.3787
38321.586	41.2939
38322.891	45.977
38324.383	40.2145
38325.844	41.0678
38327.406	38.4123
38329.016	37.2902
38330.344	45.1807
38331.625	46.8384
38333.164	38.9864
38334.461	46.2606
38335.711	48
38337.18	40.8441
38338.523	44.6429
38339.758	48.6224
38341.172	42.4328
38342.578	42.6743
38343.812	48.6224
38345.273	41.0678
38346.586	45.7317
38347.867	46.8384
38349.305	41.7246
38350.617	45.7317
38351.836	49.2207
38353.094	47.6948
38354.234	52.5854
38355.43	50.2092
38356.82	43.1344
38357.977	51.9031
38359.18	49.8753
38360.453	47.1328
38361.578	53.3333
38362.742	51.5464
38363.93	50.5051
38365.062	52.9568
38366.133	56.0748
38367.211	55.6586
38368.297	55.2486
